1000001 张三 小区A 3 2022 1 100.5 51.2 156.7 1
1000001 张三 小区A 3 2022 2 110.5 52.2 156.7 1
1000001 张三 小区A 3 2022 3 110.5 52.2 154.7 1
1000001 张三 小区A 3 2022 4 104.5 53.2 155.7 1
1000001 张三 小区A 3 2022 5 100.5 53.2 155.7 1
1000001 张三 小区A 3 2022 6 106.5 53.2 156.7 1
1000002 李四 小区B 2 2022 1 906.3 60.8 151.1 0
1000003 王五 小区C 4 2022 1 150.2 70.5 220.7 1
1000004 赵六 小区A 1 2022 1 160.5 30.5 91.0 0
1000004 赵六 小区A 1 2022 2 160.5 30.5 91.0 0
1000004 赵六 小区A 1 2022 3 160.5 30.5 91.0 0
1000005 钱七 小区B 2 2022 1 70.8 45.6 116.4 1

